IoU: 0.28483927
Cor: -0.00865307
